0.7136261322594237 0.1871566549037776
0.9356073153569557 0.10497918263411207
0.3995661312328766 0.49019536033015865
0.7101413507706635 0.3607425943256862
0.008765077381124003 0.9254212184054679
0.12119458491832914 0.8231168911765867
0.8688541945084783 0.07867159879605673
0.9014959147933796 0.2005213068808697
0.48299809217217304 0.6146293904667504
0.058292360659795 0.5950874100780034
0.06206715123455599 0.7815160965384474
0.560280800037675 0.4640307764471934
0.49334645842997693 0.1730751260022547
0.44243621434968416 0.4293751774216108
0.8822188405351346 0.8793295877972234
0.1634711356747111 0.44763775065048017
0.6706779313337791 0.33240419524487314
0.36870182811118235 0.4127968938031707
0.9309018624917513 0.4559136004064297
0.29201028474154156 0.48159488506864767
0.4650365091252119 0.9458418208441872
0.10806272749991122 0.8018590157392126
0.027509460934136306 0.7580662682063872
0.2852237822328613 0.79948000762293
0.8440105164966267 0.9632421128263996
0.26930949247639174 0.3359940928025747
0.5788541516513809 0.7562709268618836
0.49935680293235896 0.36570824883910213
0.7842776209620768 0.9363368808286338
0.34418595301899174 0.4323700214840465
0.3477822340202927 0.452533196225662
0.0908678312164159 0.9118600215277874
0.17248733561477636 0.9856285874732206
0.040927768887587104 0.6095323484058066
0.956197210456208 0.22287374758566691
0.5111973432656927 0.49001188465941775
0.08366036869350676 0.38832520983923435
0.1923304707384824 0.3312772078667854
0.27139328338166585 0.2961870523748488
0.33366199700226723 0.9401892564957061
0.19576145589060104 0.8136091884481571
0.08985966536691356 0.6667391234786942
0.65720216422879 0.9511554080320428
0.06546054466605088 0.45362380845607836
0.7839477800326561 0.6417045527215817
0.6911897838057772 0.04357568513430655
0.8055579693647364 0.04903351391328267
0.8822984208951588 0.16610961112558129
0.5890778939835191 0.9518582365975912
0.84269498636835 0.03590550520053573
0.20990471681835862 0.878831143020966
0.9820148109162546 0.6801997294175222
0.20586627610485003 0.0026917014504839187
0.4583026658579079 0.04471772832036142
0.33162837026339853 0.2627359682864894
0.6051643387218648 0.8416487398409049
0.6934272585001974 0.1971087925296864
0.11234653554260739 0.9623392425634331
0.5978449632364613 0.8697384806321468
0.6954331842793076 0.6445503984282269
0.822807234097335 0.6538803395982286
0.7392953985028129 0.5065191447000464
0.7302218755931724 0.6820026135708092
0.6254811029856071 0.09504735889735086
