0.10068265736407317 0.021194071167436893
0.13060401642914318 0.15370585315996627
0.06459765738824043 0.33914600328707084
0.0360547639585663 0.4657811755420384
0.9995705991556293 0.5819360925893858
0.13142236076677588 0.6451544677719895
0.11534905185575497 0.7750960885223993
0.07083458538552305 0.891099597141633
0.2721476579758491 0.17920778605458684
0.1808813150595848 0.2662242038227623
0.17529346672032503 0.39538147495659115
0.1475996823906418 0.5133968070098743
0.2531126143168714 0.5926222957001206
0.23548634539762558 0.7387947822280653
0.21499544940998186 0.9123446870060979
0.2415556355392024 0.05343923083501634
0.46570916229970677 0.030472386888636738
0.3726088107894011 0.1095062968316834
0.28689579160244294 0.32281188410867107
0.2821758694033201 0.4566333046723771
0.3683742802645368 0.5557672246397015
0.3416072938969011 0.6817721209167886
0.31890409615809534 0.8333677099434856
0.327901228564607 0.9604108850439725
0.49615259422293817 0.15446529634775585
0.3879130575291531 0.2438535931324511
0.41667907303825036 0.36685074756676683
0.4732504463153702 0.4753378913445932
0.4914550623345167 0.596648668451848
0.45177440718014333 0.7428564922568828
0.42815196570708425 0.888746936446516
0.5599051656318261 0.9547933012501557
0.643573073604395 0.04250717914084965
0.6266933010459321 0.167390074491309
0.5145805474648287 0.27494464967374543
0.5585986255962342 0.3880963651923452
0.597205212067674 0.5035678120354821
0.5640447200371701 0.6986906199379571
0.5539725300249948 0.8192176013601731
0.6699916500834048 0.8967200674043175
0.7451192254823708 0.10682858122567417
0.7443623601327197 0.2269025633463262
0.6377723197208506 0.29130081337226665
0.6967142254438538 0.4326791684247693
0.6528328449835434 0.614386430776549
0.6712190181644118 0.7596436330593662
0.7880640706632103 0.8200643822258136
0.7581209059957176 0.9864235077383977
0.8758768392953422 0.05778624524113272
0.865058887270339 0.17768756300026353
0.8418280533876624 0.29651964086260135
0.8195111963594082 0.41553779980014693
0.7829204197370513 0.5318127096325491
0.7660298233203747 0.6823119579394322
0.9012071782500466 0.7420407057959928
0.868289077193067 0.9363156356350587
0.981111486248129 0.9907450229246944
0.9882862028449892 0.11264279159689922
0.010796099395536052 0.23092211785911804
0.9424701336963803 0.3820522645445852
0.9112846285258533 0.49821719249566615
0.8702553931577185 0.6179434107165351
0.015375032552422268 0.7048528803543576
0.9588515185722001 0.8486653514063507
