0.049468201834750494 0.9864435487068682
0.1340220214563828 0.02988375211740322
0.06146929628278811 0.23248090596079615
0.06511917553672168 0.3925323451259577
0.058479507736312136 0.607663504877811
0.11937146157076223 0.6882476903119848
0.0568782171023935 0.7682146073730096
0.9374447442688661 0.90322664224551
0.24063282437017997 0.9453632843545754
0.1904150870119375 0.11109069772515115
0.1848410488283224 0.3037821915371628
0.21610585813310224 0.3915603431478516
0.13695943957649287 0.5047070792029944
0.183331655273855 0.5857964320999037
0.17713359369759799 0.7712431450386622
0.031186896208692298 0.8750113144255935
0.33063368764963313 0.10741094266191147
0.2616046306702552 0.17380779520975917
0.3905212576253334 0.286443669305866
0.28929337967497076 0.5047821273173817
0.26808546319180154 0.6408824752277313
0.3575961716231391 0.7502928010993505
0.3350435905157054 0.850412453366432
0.3920256411391656 0.016181495367886885
0.4254540880597779 0.19194682119840634
0.4867905213669666 0.28057484730898574
0.30008831248561546 0.3283614850310395
0.5065150113236733 0.3826959488590768
0.418187420343444 0.46040033131950886
0.44173161353620244 0.6812470472532709
0.44150880586864116 0.8940122980304351
0.5325483941087829 0.9610008131301404
0.5630261549185658 0.056570473988705794
0.47469942176453145 0.1141666897190105
0.6384465678677946 0.3396947533966024
0.6686111888934375 0.48065153945306466
0.3891184731502114 0.5850433657620389
0.5788151675316462 0.5473367346419351
0.5301757521331559 0.7434367578304075
0.5695327005340638 0.8754622844847231
0.6549892932513273 0.1174809707212467
0.6006907635028426 0.23300485144316974
0.7727715954874601 0.2502420148766553
0.7992876334990309 0.4314058486291784
0.7064528573810926 0.5784635506487049
0.7538971435478342 0.6874510730326946
0.6644666145273463 0.8526888112564068
0.6571354082328658 0.9778917293639559
0.7769043194079774 0.0038357224554215526
0.7626110055454511 0.14141823797308864
0.9092312972104226 0.3107121279003837
0.7396088128725543 0.3454505963897046
0.8520564284226029 0.605230462773373
0.8687544971771123 0.7261635232451723
0.7466367246962009 0.7982808393778755
0.8133914305543909 0.9072104503005269
0.8933052039262442 0.10230322460520475
0.8855060129165926 0.22213696714915704
0.9188950441722278 0.4032354229022127
0.8771253112327161 0.49167381644352104
0.9993536508273405 0.4957766511126
0.9934387471833788 0.6800639864302477
0.9601716355660753 0.7894791303576496
0.9223652474288805 0.01086713435168605
