0.08482871481640537 0.08546138966975735
0.07484171455764194 0.18830314106372878
0.030286714849723003 0.32037921357195304
0.11711453847283881 0.43528419514655997
0.07712067284881266 0.5596248196611043
0.1056807647086732 0.6591868719675685
0.1610203342178234 0.8075297248675912
0.028090933317552996 0.9927254689612536
0.167066243001877 0.03629316699244467
0.17450699183189677 0.1442807794656359
0.2144605423039951 0.2551963172859976
0.2039350385832273 0.36719216981822794
0.1980039637208284 0.5184891733855551
0.20256095920942657 0.6314803845034064
0.26592945687649283 0.7904123871233933
0.15299050324030744 0.9090271521506627
0.31092383287883424 0.10211664111977216
0.3550066580824475 0.22343991212195977
0.5017209202699694 0.26555918031656117
0.28394870245748777 0.4317649922713356
0.3081241460084652 0.5568949623503868
0.2847976001711541 0.6767228541025897
0.33417446435769704 0.8644883360114518
0.27253959017594076 0.9940777808600065
0.35598880768788815 0.9552420284270869
0.4176330022692508 0.09135251701106022
0.3819790424824804 0.4011148892485533
0.42098028944796617 0.48884178555078117
0.4501876192117995 0.62723027736127
0.41118048051355943 0.7163820853230389
0.4122657860569622 0.8088131314884289
0.4529401210028832 0.9111633107069912
0.4737308366823724 0.0025975127592352387
0.6345287614289733 0.21086497513938318
0.6941050104234184 0.3595178038032413
0.5796671978690132 0.32558375653120747
0.6239403025706662 0.5490035545277462
0.5029397679130092 0.7077454782240542
0.5730182585131649 0.7687298318593419
0.5591216069564025 0.9346304108393543
0.5288815141827454 0.1391559079010188
0.6250452763470372 0.01914508219559422
0.7326014089319054 0.22678624786125356
0.600597908475605 0.43996685914833894
0.7208329170316576 0.5107069764223655
0.6155917813869948 0.6441866744291956
0.7789646579547387 0.7462953575707006
0.6390561144180372 0.8497293538590343
0.7298256170939096 0.01454522872245891
0.8080007217627345 0.08132537534896844
0.8829201637314661 0.25276814714362866
0.8869241164341052 0.4418257827785895
0.8365951481764151 0.5546401619960615
0.7632401655952831 0.6092754725721425
0.884015875467772 0.8549060243761352
0.7423921387487067 0.9182002706262519
0.9554769199911392 0.07177960078228014
0.9625994451025746 0.1682588319471519
0.8858313194150101 0.3476550698172543
0.9670903485682091 0.4985734297292994
0.9155063654621478 0.623562836633443
0.9808783606413474 0.747493250680526
0.05064313028723966 0.8602376906643983
0.8915675230385611 0.977605304937842
