0.05508753193541002 0.04564723452928892
0.06537455744753716 0.18194358132362276
0.045578468015168856 0.28563971634788876
0.08140252879783871 0.39956714119436654
0.06905918589462369 0.554982216606819
0.07826377902963294 0.6651061481193337
0.07632975569012333 0.7915743396744188
0.06806506129088352 0.9467677882919816
0.21924833067792673 0.035652618204274525
0.16167998665882363 0.16043029520384677
0.14597743284100917 0.32022410881857966
0.1835706283166756 0.460596717523437
0.16068583597023336 0.5545419655752016
0.16226956927729297 0.7143452397071318
0.19943992664122479 0.8239560637552066
0.19044083294247222 0.9327324034638346
0.32215710184628454 0.06899629262745297
0.30454957567690866 0.19800907472389695
0.28537953256803394 0.31006489668628534
0.3084180826262833 0.44467663644492506
0.26208997208244766 0.5595663416560921
0.3409746484625993 0.7112964588183331
0.30237856872538765 0.8410063875385919
0.2948240540871309 0.9690057774103392
0.4472359654966321 0.049408168224582015
0.39903588901278914 0.16223758035266528
0.40615591781570004 0.33498142032151845
0.45314004367363725 0.4145666104519547
0.4174510882193242 0.5379190408393777
0.42464657414542933 0.6436048286982488
0.444750990872954 0.7636521300400946
0.4216445891367083 0.8732653980932753
0.5901389061736754 0.05189793514839511
0.5615797475654466 0.17876452788445804
0.5472840352784842 0.30623496177462256
0.5668494490754242 0.39574473054287346
0.5200389878631648 0.5479692475536715
0.5583451383516997 0.6775441468815615
0.5621355875684367 0.8332272097362865
0.5820113266254404 0.941362039781485
0.7072403348524612 0.07744748617737143
0.6852661316693972 0.17460538035834333
0.7112894296029549 0.29131497349029595
0.6893901684948307 0.4323321430854437
0.6528791043765018 0.5367885629096091
0.7078855888082874 0.6865042568840777
0.6997078925567051 0.8125696044681912
0.6855651082645888 0.9561605194728142
0.802356157509546 0.052358623213554584
0.8130283219029374 0.14514475162040338
0.8635839013943953 0.3511963301928367
0.8061942258553282 0.4403518634251912
0.7946983582552554 0.5699685259445658
0.8215399059989388 0.6667858645082089
0.8405226583728869 0.8062346739869704
0.8014528656963972 0.9362259659623788
0.9421544127404181 0.05976140011555334
0.9389605315272637 0.16352336422824226
0.9179388790080704 0.26819473510975367
0.9138923838282108 0.43718752101264513
0.9635008543429155 0.589489937672373
0.9125483546988321 0.7051963017000039
0.9370175029861986 0.8292248833158636
0.9217982479923528 0.9198842338297312
